0.484 0.875 32.210
0.467 0.884 34.381
0.451 0.893 36.531
0.434 0.901 38.661
0.417 0.909 40.772
0.401 0.916 42.865
0.384 0.923 44.942
0.367 0.930 47.003
0.351 0.936 49.050
0.334 0.943 51.083
0.317 0.948 53.104
0.301 0.954 55.113
0.284 0.959 57.110
0.267 0.964 59.098
0.251 0.968 61.076
0.234 0.972 63.045
0.217 0.976 65.006
0.201 0.980 66.960
0.184 0.983 68.907
0.167 0.986 70.848
0.151 0.989 72.783
0.134 0.991 74.713
0.117 0.993 76.639
0.101 0.995 78.561
0.084 0.996 80.480
0.067 0.998 82.397
0.051 0.999 84.311
0.034 0.999 86.223
0.017 1.000 88.135
0.001 1.000 90.000
-0.016 1.000 91.865
-0.033 0.999 93.777
-0.049 0.999 95.689
-0.066 0.998 97.603
-0.083 0.997 99.520
-0.099 0.995 101.439
-0.116 0.993 103.361
-0.133 0.991 105.287
-0.149 0.989 107.217
-0.166 0.986 109.152
-0.183 0.983 111.093
-0.199 0.980 113.040
-0.216 0.976 114.994
-0.233 0.973 116.955
-0.249 0.968 118.924
-0.266 0.964 120.902
-0.283 0.959 122.890
-0.299 0.954 124.887
-0.316 0.949 126.896
-0.333 0.943 128.917
-0.349 0.937 130.950
-0.366 0.931 132.997
-0.383 0.924 135.058
-0.399 0.917 137.135
-0.416 0.909 139.228
-0.433 0.902 141.339
-0.449 0.893 143.469
-0.466 0.885 145.619
-0.483 0.876 147.790
