0.486 0.874 31.898
0.472 0.882 33.763
0.458 0.889 35.612
0.444 0.896 37.446
0.429 0.903 39.266
0.415 0.910 41.072
0.401 0.916 42.865
0.386 0.922 44.646
0.372 0.928 46.416
0.358 0.934 48.175
0.344 0.939 49.923
0.329 0.944 51.662
0.315 0.949 53.392
0.301 0.954 55.113
0.286 0.958 56.826
0.272 0.962 58.531
0.258 0.966 60.229
0.244 0.970 61.921
0.229 0.973 63.606
0.215 0.977 65.286
0.201 0.980 66.960
0.186 0.982 68.629
0.172 0.985 70.294
0.158 0.987 71.954
0.144 0.990 73.611
0.129 0.992 75.264
0.115 0.993 76.914
0.101 0.995 78.561
0.087 0.996 80.206
0.072 0.997 81.849
0.058 0.998 83.491
0.044 0.999 85.131
0.029 1.000 86.769
0.015 1.000 88.408
0.001 1.000 90.000
-0.013 1.000 91.592
-0.028 1.000 93.231
-0.042 0.999 94.869
-0.056 0.998 96.509
-0.071 0.998 98.151
-0.085 0.996 99.794
-0.099 0.995 101.439
-0.113 0.994 103.086
-0.128 0.992 104.736
-0.142 0.990 106.389
-0.156 0.988 108.046
-0.171 0.985 109.706
-0.185 0.983 111.371
-0.199 0.980 113.040
-0.214 0.977 114.714
-0.228 0.974 116.394
-0.242 0.970 118.079
-0.256 0.967 119.771
-0.271 0.963 121.469
-0.285 0.959 123.174
-0.299 0.954 124.887
-0.314 0.950 126.608
-0.328 0.945 128.338
-0.342 0.940 130.077
-0.356 0.934 131.825
-0.371 0.929 133.584
-0.385 0.923 135.354
-0.399 0.917 137.135
-0.414 0.910 138.928
-0.428 0.904 140.734
-0.442 0.897 142.554
-0.456 0.890 144.388
-0.471 0.882 146.237
-0.485 0.875 148.102
