0.467 0.884 34.381
0.434 0.901 38.661
0.401 0.916 42.865
0.367 0.930 47.003
0.334 0.943 51.083
0.301 0.954 55.113
0.267 0.964 59.098
0.234 0.972 63.045
0.201 0.980 66.960
0.167 0.986 70.848
0.134 0.991 74.713
0.101 0.995 78.561
0.067 0.998 82.397
0.034 0.999 86.223
0.001 1.000 90.000
-0.033 0.999 93.777
-0.066 0.998 97.603
-0.099 0.995 101.439
-0.133 0.991 105.287
-0.166 0.986 109.152
-0.199 0.980 113.040
-0.233 0.973 116.955
-0.266 0.964 120.902
-0.299 0.954 124.887
-0.333 0.943 128.917
-0.366 0.931 132.997
-0.399 0.917 137.135
-0.433 0.902 141.339
-0.466 0.885 145.619
