0.476 0.880 33.298
0.451 0.893 36.531
0.426 0.905 39.719
0.401 0.916 42.865
0.376 0.927 45.975
0.351 0.936 49.050
0.326 0.945 52.095
0.301 0.954 55.113
0.276 0.961 58.105
0.251 0.968 61.076
0.226 0.974 64.027
0.201 0.980 66.960
0.176 0.984 69.878
0.151 0.989 72.783
0.126 0.992 75.677
0.101 0.995 78.561
0.076 0.997 81.439
0.051 0.999 84.311
0.026 1.000 87.179
0.001 1.000 90.000
-0.024 1.000 92.821
-0.049 0.999 95.689
-0.074 0.997 98.561
-0.099 0.995 101.439
-0.124 0.992 104.323
-0.149 0.989 107.217
-0.174 0.985 110.122
-0.199 0.980 113.040
-0.224 0.975 115.973
-0.249 0.968 118.924
-0.274 0.962 121.895
-0.299 0.954 124.887
-0.324 0.946 127.905
-0.349 0.937 130.950
-0.374 0.927 134.025
-0.399 0.917 137.135
-0.424 0.906 140.281
-0.449 0.893 143.469
-0.474 0.880 146.702
