0.488 0.873 31.663
0.476 0.880 33.298
0.463 0.886 34.921
0.451 0.893 36.531
0.438 0.899 38.130
0.426 0.905 39.719
0.413 0.911 41.297
0.401 0.916 42.865
0.388 0.922 44.424
0.376 0.927 45.975
0.363 0.932 47.516
0.351 0.936 49.050
0.338 0.941 50.576
0.326 0.945 52.095
0.313 0.950 53.607
0.301 0.954 55.113
0.288 0.958 56.612
0.276 0.961 58.105
0.263 0.965 59.593
0.251 0.968 61.076
0.238 0.971 62.554
0.226 0.974 64.027
0.213 0.977 65.495
0.201 0.980 66.960
0.188 0.982 68.421
0.176 0.984 69.878
0.163 0.987 71.332
0.151 0.989 72.783
0.138 0.990 74.231
0.126 0.992 75.677
0.113 0.994 77.120
0.101 0.995 78.561
0.088 0.996 80.001
0.076 0.997 81.439
0.063 0.998 82.875
0.051 0.999 84.311
0.038 0.999 85.745
0.026 1.000 87.179
0.013 1.000 88.612
0.001 1.000 90.000
-0.012 1.000 91.388
-0.024 1.000 92.821
-0.037 0.999 94.255
-0.049 0.999 95.689
-0.062 0.998 97.125
-0.074 0.997 98.561
-0.087 0.996 99.999
-0.099 0.995 101.439
-0.112 0.994 102.880
-0.124 0.992 104.323
-0.137 0.991 105.769
-0.149 0.989 107.217
-0.162 0.987 108.668
-0.174 0.985 110.122
-0.187 0.982 111.579
-0.199 0.980 113.040
-0.212 0.977 114.505
-0.224 0.975 115.973
-0.237 0.972 117.446
-0.249 0.968 118.924
-0.262 0.965 120.407
-0.274 0.962 121.895
-0.287 0.958 123.388
-0.299 0.954 124.887
-0.312 0.950 126.393
-0.324 0.946 127.905
-0.337 0.942 129.424
-0.349 0.937 130.950
-0.362 0.932 132.484
-0.374 0.927 134.025
-0.387 0.922 135.576
-0.399 0.917 137.135
-0.412 0.911 138.703
-0.424 0.906 140.281
-0.437 0.900 141.870
-0.449 0.893 143.469
-0.462 0.887 145.079
-0.474 0.880 146.702
-0.487 0.874 148.337
