0.490 0.872 31.481
0.478 0.878 32.936
0.467 0.884 34.381
0.456 0.890 35.817
0.445 0.895 37.243
0.434 0.901 38.661
0.423 0.906 40.070
0.412 0.911 41.472
0.401 0.916 42.865
0.390 0.921 44.252
0.379 0.926 45.631
0.367 0.930 47.003
0.356 0.934 48.370
0.345 0.939 49.729
0.334 0.943 51.083
0.323 0.946 52.432
0.312 0.950 53.775
0.301 0.954 55.113
0.290 0.957 56.446
0.279 0.960 57.774
0.267 0.964 59.098
0.256 0.967 60.418
0.245 0.969 61.733
0.234 0.972 63.045
0.223 0.975 64.353
0.212 0.977 65.658
0.201 0.980 66.960
0.190 0.982 68.259
0.179 0.984 69.555
0.167 0.986 70.848
0.156 0.988 72.139
0.145 0.989 73.427
0.134 0.991 74.713
0.123 0.992 75.998
0.112 0.994 77.280
0.101 0.995 78.561
0.090 0.996 79.841
0.079 0.997 81.119
0.067 0.998 82.397
0.056 0.998 83.673
0.045 0.999 84.948
0.034 0.999 86.223
0.023 1.000 87.498
0.012 1.000 88.772
0.001 1.000 90.000
-0.010 1.000 91.228
-0.021 1.000 92.502
-0.033 0.999 93.777
-0.044 0.999 95.052
-0.055 0.998 96.327
-0.066 0.998 97.603
-0.077 0.997 98.881
-0.088 0.996 100.159
-0.099 0.995 101.439
-0.110 0.994 102.720
-0.121 0.993 104.002
-0.133 0.991 105.287
-0.144 0.990 106.573
-0.155 0.988 107.861
-0.166 0.986 109.152
-0.177 0.984 110.445
-0.188 0.982 111.741
-0.199 0.980 113.040
-0.210 0.978 114.342
-0.221 0.975 115.647
-0.233 0.973 116.955
-0.244 0.970 118.267
-0.255 0.967 119.582
-0.266 0.964 120.902
-0.277 0.961 122.226
-0.288 0.958 123.554
-0.299 0.954 124.887
-0.310 0.951 126.225
-0.321 0.947 127.568
-0.333 0.943 128.917
-0.344 0.939 130.271
-0.355 0.935 131.630
-0.366 0.931 132.997
-0.377 0.926 134.369
-0.388 0.922 135.748
-0.399 0.917 137.135
-0.410 0.912 138.528
-0.422 0.907 139.930
-0.433 0.902 141.339
-0.444 0.896 142.757
-0.455 0.891 144.183
-0.466 0.885 145.619
-0.477 0.879 147.064
-0.488 0.873 148.519
