0.491 0.871 31.335
0.481 0.877 32.646
0.471 0.882 33.949
0.461 0.888 35.244
0.451 0.893 36.531
0.441 0.898 37.811
0.431 0.902 39.085
0.421 0.907 40.351
0.411 0.912 41.611
0.401 0.916 42.865
0.391 0.921 44.113
0.381 0.925 45.356
0.371 0.929 46.592
0.361 0.933 47.824
0.351 0.936 49.050
0.341 0.940 50.272
0.331 0.944 51.489
0.321 0.947 52.701
0.311 0.950 53.909
0.301 0.954 55.113
0.291 0.957 56.313
0.281 0.960 57.509
0.271 0.963 58.701
0.261 0.965 59.890
0.251 0.968 61.076
0.241 0.971 62.258
0.231 0.973 63.438
0.221 0.975 64.615
0.211 0.978 65.789
0.201 0.980 66.960
0.191 0.982 68.129
0.181 0.984 69.296
0.171 0.985 70.460
0.161 0.987 71.623
0.151 0.989 72.783
0.141 0.990 73.942
0.131 0.991 75.099
0.121 0.993 76.254
0.111 0.994 77.409
0.101 0.995 78.561
0.091 0.996 79.713
0.081 0.997 80.864
0.071 0.997 82.014
0.061 0.998 83.163
0.051 0.999 84.311
0.041 0.999 85.458
0.031 1.000 86.606
0.021 1.000 87.753
0.011 1.000 88.899
0.001 1.000 90.000
-0.009 1.000 91.101
-0.019 1.000 92.247
-0.029 1.000 93.394
-0.039 0.999 94.542
-0.049 0.999 95.689
-0.059 0.998 96.837
-0.069 0.998 97.986
-0.079 0.997 99.136
-0.089 0.996 100.287
-0.099 0.995 101.439
-0.109 0.994 102.591
-0.119 0.993 103.746
-0.129 0.992 104.901
-0.139 0.990 106.058
-0.149 0.989 107.217
-0.159 0.987 108.377
-0.169 0.986 109.540
-0.179 0.984 110.704
-0.189 0.982 111.871
-0.199 0.980 113.040
-0.209 0.978 114.211
-0.219 0.976 115.385
-0.229 0.973 116.562
-0.239 0.971 117.742
-0.249 0.968 118.924
-0.259 0.966 120.110
-0.269 0.963 121.299
-0.279 0.960 122.491
-0.289 0.957 123.687
-0.299 0.954 124.887
-0.309 0.951 126.091
-0.319 0.948 127.299
-0.329 0.944 128.511
-0.339 0.941 129.728
-0.349 0.937 130.950
-0.359 0.933 132.176
-0.369 0.929 133.408
-0.379 0.925 134.644
-0.389 0.921 135.887
-0.399 0.917 137.135
-0.409 0.912 138.389
-0.419 0.908 139.649
-0.429 0.903 140.915
-0.439 0.898 142.189
-0.449 0.893 143.469
-0.459 0.888 144.756
-0.469 0.883 146.051
-0.479 0.878 147.354
-0.489 0.872 148.665
