0.481 0.877 32.646
0.461 0.888 35.244
0.441 0.898 37.811
0.421 0.907 40.351
0.401 0.916 42.865
0.381 0.925 45.356
0.361 0.933 47.824
0.341 0.940 50.272
0.321 0.947 52.701
0.301 0.954 55.113
0.281 0.960 57.509
0.261 0.965 59.890
0.241 0.971 62.258
0.221 0.975 64.615
0.201 0.980 66.960
0.181 0.984 69.296
0.161 0.987 71.623
0.141 0.990 73.942
0.121 0.993 76.254
0.101 0.995 78.561
0.081 0.997 80.864
0.061 0.998 83.163
0.041 0.999 85.458
0.021 1.000 87.753
0.001 1.000 90.000
-0.019 1.000 92.247
-0.039 0.999 94.542
-0.059 0.998 96.837
-0.079 0.997 99.136
-0.099 0.995 101.439
-0.119 0.993 103.746
-0.139 0.990 106.058
-0.159 0.987 108.377
-0.179 0.984 110.704
-0.199 0.980 113.040
-0.219 0.976 115.385
-0.239 0.971 117.742
-0.259 0.966 120.110
-0.279 0.960 122.491
-0.299 0.954 124.887
-0.319 0.948 127.299
-0.339 0.941 129.728
-0.359 0.933 132.176
-0.379 0.925 134.644
-0.399 0.917 137.135
-0.419 0.908 139.649
-0.439 0.898 142.189
-0.459 0.888 144.756
-0.479 0.878 147.354
